[("bd01",    [1,0,1,0, 0,0,1,1, 0,1,1,1, 0,0,0,0,  1,0,0,1, 0,0,1,0, 1,1,1,1, 0,0,0,1])
,("hat01",   [0,0,1,0, 0,0,1,0, 0,0,1,0, 0,0,1,0,  0,0,1,0, 0,0,1,0, 0,0,1,0, 0,0,1,0])
,("snr01",   [0,0,0,0, 1,0,0,1, 0,1,0,0, 1,0,0,0,  0,0,0,0, 1,0,0,1, 0,1,0,0, 1,1,0,1])
,("prc01",   [0,0,0,0, 0,0,0,0, 1,0,0,0, 0,0,0,0,  0,0,0,0, 0,0,0,0, 1,0,0,0, 0,0,0,0])
,("nz01",    [0,0,0,0, 0,1,0,0, 0,0,0,0, 0,0,0,0,  0,0,0,0, 0,1,0,0, 0,0,0,0, 0,0,0,0])
,("add01",   [0,0,0,0, 0,0,0,0, 0,0,0,0, 0,0,0,0,  0,0,0,0, 0,0,0,0, 0,0,0,0, 0,0,0,0])
,("add02",   [0,0,0,0, 0,0,0,0, 0,0,0,0, 0,0,0,0,  0,0,0,0, 0,0,0,0, 0,0,0,0, 0,0,0,0])
,("saw01",   [0,0,0,0, 0,0,0,0, 0,0,0,0, 0,0,0,0,  0,0,0,0, 0,0,0,0, 0,0,0,0, 0,0,0,0])
,("sine01",  [0,0,0,0, 0,0,0,0, 0,0,0,0, 0,0,0,0,  0,0,0,0, 0,0,0,0, 0,0,0,0, 0,0,0,0])
,("sine02",  [0,0,0,0, 0,0,0,0, 0,0,0,0, 0,0,0,0,  0,0,0,0, 0,0,0,0, 0,0,0,0, 0,0,0,0])
,("pulse01", [0,0,0,0, 0,0,0,0, 0,0,0,0, 0,0,0,0,  0,0,0,0, 0,0,0,0, 0,0,0,0, 0,0,0,0])
,("fm01",    [0,0,0,0, 0,0,0,0, 0,0,0,0, 0,0,0,0,  0,0,0,0, 0,0,0,0, 0,0,0,0, 0,0,0,0])
]
